1289
190  165 r1     -1  -1   !Arno                        10.23   43.68
154  165 r2     -1  -1   !NA                            7.2   43.66
224  188 r3     -1  -1   !Tagliamento                 13.07    45.6
223  187 r4     -1  -1   !Livenza                     12.98   45.52
215  182 r5     -1  -1   !Bacchilione                 12.32    45.1
187  168 r6     -1  -1   !NA                           9.98   43.93
280  154 r7     -1  -1   !NA                          17.73   42.77
221  186 r8     -1  -1   !Piave                       12.82   45.43
215  182 r9     -1  -1   !Brenta                      12.32    45.1
257  163 r10    -1  -1   !NA                          15.82   43.52
234  133 r11    -1  -1   !Volturno                    13.93   41.03
265  118 r12    -1  -1   !NA                          16.51   39.73
170  150 r13    -1  -1   !NA                           8.57   42.43
263  158 r14    -1  -1   !NA                          16.32    43.1
238  151 r15    -1  -1   !Pescara                     14.23   42.52
242  148 r16    -1  -1   !Sangro                      14.54   42.24
246  127 r17    -1  -1   !NA                           14.9   40.52
232  161 r18    -1  -1   !NA                          13.73   43.35
182  151 r19    -1  -1   !Golo                         9.53   42.53
215  174 r20    -1  -1   !NA                          12.32   44.39
249  166 r21    -1  -1   !NA                          15.15   43.77
240  129 r22    -1  -1   !NA                           14.4   40.68
269  124 r23    -1  -1   !NA                          16.82   40.27
199  153 r24    -1  -1   !Ombrone                     11.01   42.66
300  142 r25    -1  -1   !NA                           19.4   41.77
190  166 r26    -1  -1   !NA                          10.27   43.78
166  169 r27    -1  -1   !NA                           8.22   44.04
290  149 r28    -1  -1   !NA                          18.57   42.35
230  188 r29    -1  -1   !NA                          13.57    45.6
215  176 r30    -1  -1   !Reno                        12.28   44.59
260  109 r31    -1  -1   !NA                           16.1   39.04
229  185 r32    -1  -1   !NA                          13.48   45.35
215  174 r33    -1  -1   !NA                          12.32   44.43
222  168 r34    -1  -1   !NA                           12.9   43.92
262  160 r35    -1  -1   !NA                          16.23   43.27
231  163 r36    -1  -1   !NA                          13.65   43.52
207  148 r37    -1  -1   !NA                          11.65   42.27
171  146 r38    -1  -1   !NA                           8.65    42.1
221  137 r39    -1  -1   !NA                          12.82   41.35
226  136 r40    -1  -1   !NA                           13.2   41.28
269  124 r41    -1  -1   !NA                          16.82   40.27
273  111 r42    -1  -1   !NA                          17.14   39.21
177  110 r43    -1  -1   !NA                           9.15    39.1
258  103 r44    -1  -1   !NA                           15.9   38.52
222   91 r45    -1  -1   !NA                           12.9   37.52
249   90 r46    -1  -1   !Simeto                      15.15   37.43
256  163 r47    -1  -1   !NA                          15.73   43.52
225  167 r48    -1  -1   !NA                          13.15   43.85
153  164 r49    -1  -1   !NA                           7.15    43.6
233  160 r50    -1  -1   !NA                          13.78   43.23
179  140 r51    -1  -1   !NA                           9.31   41.63
263  137 r52    -1  -1   !NA                          16.32   41.35
281  130 r53    -1  -1   !NA                          17.82   40.77
282  123 r54    -1  -1   !NA                          17.93   40.22
251  120 r55    -1  -1   !NA                          15.32   39.93
268  117 r56    -1  -1   !NA                          16.73   39.68
223   98 r57    -1  -1   !NA                          12.98    38.1
233   97 r58    -1  -1   !NA                          13.82   37.98
239   84 r59    -1  -1   !NA                          14.32   36.93
231  188 r60    -1  -1   !NA                          13.65    45.6
231  188 r61    -1  -1   !NA                          13.65    45.6
237  177 r62    -1  -1   !NA                          14.15   44.68
166  169 r63    -1  -1   !NA                           8.23   44.02
268  155 r64    -1  -1   !NA                          16.73   42.85
196  155 r65    -1  -1   !NA                          10.73   42.85
291  149 r66    -1  -1   !NA                          18.65   42.35
174  153 r67    -1  -1   !NA                            8.9   42.68
207  148 r68    -1  -1   !NA                          11.63    42.3
247  145 r69    -1  -1   !NA                          14.97   42.01
262  137 r70    -1  -1   !NA                          16.23   41.35
176  135 r71    -1  -1   !NA                           9.07   41.18
244  128 r72    -1  -1   !NA                          14.73    40.6
283  122 r73    -1  -1   !NA                          18.01   40.08
267  117 r74    -1  -1   !NA                          16.65   39.68
176  110 r75    -1  -1   !NA                           9.07    39.1
176  110 r76    -1  -1   !NA                           9.07    39.1
266  101 r77    -1  -1   !NA                          16.57   38.35
263  100 r78    -1  -1   !NA                          16.34    38.3
262   99 r79    -1  -1   !NA                          16.22   38.19
251  100 r80    -1  -1   !NA                          15.32   38.27
257   95 r81    -1  -1   !NA                          15.82   37.85
221   98 r82    -1  -1   !NA                          12.82    38.1
233   97 r83    -1  -1   !NA                          13.82   38.02
230  183 r84    -1  -1   !NA                          13.61   45.18
239  176 r85    -1  -1   !NA                          14.32    44.6
215  178 r86    -1  -1   !NA                          12.32   44.77
245  146 r87    -1  -1   !NA                          14.82    42.1
259  145 r88    -1  -1   !NA                          15.98   42.02
272  134 r89    -1  -1   !NA                          17.05   41.08
235  132 r90    -1  -1   !NA                          13.98   40.93
280  124 r91    -1  -1   !NA                          17.75    40.3
282  123 r92    -1  -1   !NA                           17.9   40.18
254  121 r93    -1  -1   !NA                          15.57   40.02
168  122 r94    -1  -1   !NA                            8.4    40.1
240   98 r95    -1  -1   !NA                           14.4    38.1
218   98 r96    -1  -1   !NA                          12.57    38.1
220   91 r97    -1  -1   !NA                          12.73   37.52
224   90 r98    -1  -1   !NA                          13.07   37.43
243   81 r99    -1  -1   !NA                          14.65   36.68
227  188 r100   -1  -1   !NA                          13.32    45.6
198  153 r101   -1  -1   !NA                           10.9   42.68
206  148 r102   -1  -1   !NA                          11.57   42.27
179  154 r103   -1  -1   !NA                           9.32   42.77
182  147 r104   -1  -1   !NA                           9.56    42.2
173  141 r105   -1  -1   !Taravo                       8.83   41.71
173  141 r106   -1  -1   !NA                           8.82   41.68
234  133 r107   -1  -1   !NA                           13.9   41.02
167  127 r108   -1  -1   !NA                           8.32   40.52
168  124 r109   -1  -1   !NA                            8.4   40.27
256  120 r110   -1  -1   !NA                          15.76   39.92
266  105 r111   -1  -1   !NA                          16.53   38.71
263  100 r112   -1  -1   !NA                          16.33    38.3
254   98 r113   -1  -1   !NA                          15.57    38.1
243   98 r114   -1  -1   !NA                          14.66   38.09
228   99 r115   -1  -1   !NA                           13.4   38.18
226   89 r116   -1  -1   !NA                          13.23   37.35
238   85 r117   -1  -1   !NA                          14.26   37.06
232  178 r118   -1  -1   !NA                          13.73   44.77
231  181 r119   -1  -1   !NA                          13.65   45.02
238  177 r120   -1  -1   !NA                          14.23   44.68
248  167 r121   -1  -1   !NA                          15.07   43.85
175  173 r122   -1  -1   !NA                           8.98   44.35
233  159 r123   -1  -1   !NA                          13.81   43.16
278  154 r124   -1  -1   !NA                          17.57   42.77
181  155 r125   -1  -1   !NA                           9.48   42.84
199  153 r126   -1  -1   !NA                          10.98   42.68
242  148 r127   -1  -1   !NA                          14.57   42.27
171  146 r128   -1  -1   !NA                           8.65    42.1
172  144 r129   -1  -1   !NA                           8.73   41.93
253  144 r130   -1  -1   !NA                          15.48   41.93
301  139 r131   -1  -1   !NA                          19.48   41.52
261  138 r132   -1  -1   !NA                          16.15   41.43
182  135 r133   -1  -1   !NA                           9.57   41.18
167  132 r134   -1  -1   !NA                           8.32   40.93
241  128 r135   -1  -1   !NA                          14.48    40.6
243  128 r136   -1  -1   !NA                          14.65    40.6
258  115 r137   -1  -1   !NA                           15.9   39.52
258  115 r138   -1  -1   !NA                          15.93   39.52
179  111 r139   -1  -1   !NA                           9.29   39.21
167  112 r140   -1  -1   !NA                           8.32   39.27
268  107 r141   -1  -1   !NA                          16.71   38.87
268  107 r142   -1  -1   !NA                          16.74   38.88
255  100 r143   -1  -1   !NA                          15.65   38.27
261   97 r144   -1  -1   !NA                          16.12   37.98
224   99 r145   -1  -1   !NA                          13.07   38.18
219   99 r146   -1  -1   !NA                          12.65   38.18
251   95 r147   -1  -1   !NA                          15.31   37.88
225   90 r148   -1  -1   !NA                          13.15   37.43
240   83 r149   -1  -1   !NA                          14.44   36.88
249  166 r150   -1  -1   !NA                          15.15   43.77
273  155 r151   -1  -1   !NA                          17.15   42.85
244  146 r152   -1  -1   !NA                          14.75   42.08
277  131 r153   -1  -1   !NA                          17.49   40.82
169  131 r154   -1  -1   !NA                           8.49   40.82
185  126 r155   -1  -1   !NA                           9.78   40.43
247  123 r156   -1  -1   !NA                          14.98   40.18
286  118 r157   -1  -1   !NA                          18.23   39.77
181  110 r158   -1  -1   !NA                           9.49   39.14
266  104 r159   -1  -1   !NA                          16.56   38.64
254   98 r160   -1  -1   !NA                          15.57    38.1
230   98 r161   -1  -1   !NA                          13.57    38.1
249   91 r162   -1  -1   !NA                          15.15   37.52
249   89 r163   -1  -1   !NA                          15.15   37.35
232  135 r164   -1  -1   !Liri                        13.73   41.18
236  179 r165   -1  -1   !NA                          14.07   44.85
215  175 r166   -1  -1   !NA                          12.28   44.49
228  165 r167   -1  -1   !NA                           13.4   43.68
236  153 r168   -1  -1   !Vomano                      14.03   42.66
268  123 r169   -1  -1   !NA                          16.72   40.21
169  119 r170   -1  -1   !NA                           8.48   39.85
183  114 r171   -1  -1   !NA                           9.62   39.43
222   98 r172   -1  -1   !NA                           12.9    38.1
234  178 r173   -1  -1   !NA                           13.9   44.77
174  173 r174   -1  -1   !NA                            8.9   44.35
151  163 r175   -1  -1   !NA                           6.95   43.53
233  159 r176   -1  -1   !NA                          13.82   43.18
176  154 r177   -1  -1   !NA                           9.07   42.77
271  134 r178   -1  -1   !NA                          16.96    41.1
246  127 r179   -1  -1   !NA                           14.9   40.52
253  121 r180   -1  -1   !NA                          15.48   40.02
283  121 r181   -1  -1   !NA                          18.02   40.03
184  120 r182   -1  -1   !NA                           9.73   39.93
169  119 r183   -1  -1   !NA                           8.48   39.85
169  118 r184   -1  -1   !NA                           8.48   39.77
267  106 r185   -1  -1   !NA                          16.65   38.77
231   97 r186   -1  -1   !NA                          13.69   37.99
236  178 r187   -1  -1   !NA                          14.07   44.77
232  180 r188   -1  -1   !NA                          13.73   44.93
241  173 r189   -1  -1   !NA                          14.48   44.35
250  165 r190   -1  -1   !NA                          15.23   43.68
190  164 r191   -1  -1   !NA                          10.23    43.6
148  161 r192   -1  -1   !NA                           6.73   43.35
138  157 r193   -1  -1   !NA                            5.9   43.02
193  160 r194   -1  -1   !NA                          10.48   43.27
296  146 r195   -1  -1   !NA                          19.09    42.1
239  150 r196   -1  -1   !NA                          14.28   42.43
243  148 r197   -1  -1   !NA                          14.65   42.27
257  144 r198   -1  -1   !NA                          15.82   41.93
268  123 r199   -1  -1   !NA                          16.73   40.18
276  124 r200   -1  -1   !NA                           17.4   40.27
256  118 r201   -1  -1   !NA                          15.73   39.77
266  117 r202   -1  -1   !NA                          16.55   39.65
184  118 r203   -1  -1   !NA                           9.73   39.77
273  113 r204   -1  -1   !NA                          17.13   39.35
242   98 r205   -1  -1   !NA                          14.57    38.1
226   89 r206   -1  -1   !NA                          13.23   37.35
249   83 r207   -1  -1   !NA                          15.15   36.85
217  185 r208   -1  -1   !NA                          12.48   45.35
237  178 r209   -1  -1   !NA                          14.15   44.77
180  171 r210   -1  -1   !NA                            9.4   44.18
167  170 r211   -1  -1   !NA                           8.32    44.1
219  169 r212   -1  -1   !NA                          12.63   44.02
234  157 r213   -1  -1   !NA                           13.9   43.02
234  157 r214   -1  -1   !NA                          13.87   42.98
210  145 r215   -1  -1   !NA                          11.93   42.03
254  144 r216   -1  -1   !NA                          15.58   41.92
212  144 r217   -1  -1   !NA                          12.08   41.94
269  135 r218   -1  -1   !NA                          16.82   41.18
282  129 r219   -1  -1   !NA                           17.9   40.68
185  126 r220   -1  -1   !NA                           9.82   40.43
168  121 r221   -1  -1   !NA                            8.4   40.02
273  110 r222   -1  -1   !NA                          17.12   39.09
176  110 r223   -1  -1   !NA                           9.07    39.1
234   98 r224   -1  -1   !NA                           13.9    38.1
250   94 r225   -1  -1   !NA                          15.21   37.76
249   91 r226   -1  -1   !NA                          15.15   37.52
227  165 r227   -1  -1   !NA                          13.34   43.65
261  144 r228   -1  -1   !NA                          16.12   41.91
158  166 r229   -1  -1   !NA                           7.61   43.79
251  144 r230   -1  -1   !NA                          15.29   41.92
184  130 r231   -1  -1   !NA                           9.73   40.77
223  187 r232   -1  -1   !NA                          12.98   45.52
232  178 r233   -1  -1   !NA                          13.73   44.77
239  176 r234   -1  -1   !NA                          14.32    44.6
159  166 r235   -1  -1   !NA                           7.63   43.78
239  150 r236   -1  -1   !NA                          14.33    42.4
172  152 r237   -1  -1   !NA                           8.73    42.6
180  144 r238   -1  -1   !NA                            9.4   41.93
180  143 r239   -1  -1   !NA                            9.4   41.86
173  141 r240   -1  -1   !NA                           8.82   41.68
168  121 r241   -1  -1   !NA                            8.4   40.02
258   95 r242   -1  -1   !NA                           15.9   37.85
237   98 r243   -1  -1   !NA                          14.15    38.1
235   86 r244   -1  -1   !NA                          13.95    37.1
231  188 r245   -1  -1   !NA                          13.65    45.6
218  185 r246   -1  -1   !NA                          12.57   45.35
164  167 r247   -1  -1   !NA                           8.04   43.89
260  162 r248   -1  -1   !NA                          16.07   43.43
264  160 r249   -1  -1   !NA                           16.4   43.27
193  159 r250   -1  -1   !NA                          10.48   43.18
279  154 r251   -1  -1   !NA                          17.65   42.77
196  155 r252   -1  -1   !NA                          10.73   42.85
286  151 r253   -1  -1   !NA                          18.23   42.52
235  154 r254   -1  -1   !NA                          13.95   42.78
179  154 r255   -1  -1   !NA                           9.32   42.77
249  144 r256   -1  -1   !NA                          15.14   41.93
180  144 r257   -1  -1   !NA                           9.41    41.9
266  136 r258   -1  -1   !NA                          16.54   41.23
170  131 r259   -1  -1   !NA                           8.58   40.84
300  124 r260   -1  -1   !NA                           19.4   40.27
246  125 r261   -1  -1   !NA                           14.9   40.35
265  118 r262   -1  -1   !NA                          16.49   39.77
267  106 r263   -1  -1   !NA                          16.65   38.77
258  103 r264   -1  -1   !NA                           15.9   38.52
249   99 r265   -1  -1   !NA                          15.15   38.18
239   98 r266   -1  -1   !NA                          14.32    38.1
250   94 r267   -1  -1   !NA                          15.24    37.8
230   87 r268   -1  -1   !NA                          13.57   37.18
231   87 r269   -1  -1   !NA                          13.65   37.18
215  178 r270   -1  -1   !NA                          12.32   44.77
169  172 r271   -1  -1   !NA                           8.48    44.3
180  171 r272   -1  -1   !NA                            9.4   44.18
187  168 r273   -1  -1   !NA                           9.98   43.93
191  162 r274   -1  -1   !NA                          10.32   43.43
146  159 r275   -1  -1   !NA                           6.57   43.18
197  154 r276   -1  -1   !NA                          10.82   42.77
236  153 r277   -1  -1   !NA                          14.07   42.68
212  144 r278   -1  -1   !NA                          12.07   41.95
281  130 r279   -1  -1   !NA                          17.82   40.77
239  130 r280   -1  -1   !NA                          14.32   40.77
183  132 r281   -1  -1   !NA                           9.65   40.93
171  132 r282   -1  -1   !NA                           8.65   40.93
285  127 r283   -1  -1   !NA                          18.15   40.52
184  130 r284   -1  -1   !NA                           9.73   40.77
265  118 r285   -1  -1   !NA                          16.48   39.77
259  112 r286   -1  -1   !NA                          15.98   39.27
177  110 r287   -1  -1   !NA                           9.15    39.1
269  107 r288   -1  -1   !NA                          16.82   38.85
250  100 r289   -1  -1   !NA                          15.23   38.27
227  100 r290   -1  -1   !NA                          13.32   38.27
259   95 r291   -1  -1   !NA                          15.98   37.85
218   98 r292   -1  -1   !NA                          12.57    38.1
250   93 r293   -1  -1   !NA                           15.2   37.65
209  145 r294   -1  -1   !NA                          11.82   42.06
220  137 r295   -1  -1   !NA                          12.73   41.35
245  146 r296   -1  -1   !Trigno                       14.8   42.06
235  132 r297   -1  -1   !NA                          13.98   40.93
240  175 r298   -1  -1   !NA                           14.4   44.52
154  165 r299   -1  -1   !NA                           7.27   43.69
146  159 r300   -1  -1   !NA                           6.57   43.18
289  149 r301   -1  -1   !NA                          18.48   42.35
175  153 r302   -1  -1   !NA                           8.98   42.68
170  148 r303   -1  -1   !NA                           8.57   42.27
172  144 r304   -1  -1   !NA                           8.73   41.93
180  144 r305   -1  -1   !NA                           9.42   41.97
183  132 r306   -1  -1   !NA                           9.65   40.93
274  126 r307   -1  -1   !NA                          17.23   40.43
249  122 r308   -1  -1   !NA                          15.15    40.1
261  107 r309   -1  -1   !NA                          16.15   38.85
266  105 r310   -1  -1   !NA                          16.57   38.68
229   98 r311   -1  -1   !NA                          13.48    38.1
224   99 r312   -1  -1   !NA                          13.07   38.18
217   97 r313   -1  -1   !NA                          12.48   38.02
224  188 r314   -1  -1   !NA                          13.07    45.6
240  174 r315   -1  -1   !NA                           14.4   44.43
248  167 r316   -1  -1   !NA                          15.07   43.85
216  172 r317   -1  -1   !NA                          12.38   44.23
220  169 r318   -1  -1   !NA                          12.73   44.02
226  166 r319   -1  -1   !NA                          13.23   43.77
172  143 r320   -1  -1   !NA                           8.73   41.85
230  135 r321   -1  -1   !NA                          13.57   41.18
267  117 r322   -1  -1   !NA                          16.65   39.68
169  119 r323   -1  -1   !NA                           8.48   39.85
272  115 r324   -1  -1   !NA                          17.03   39.48
168  115 r325   -1  -1   !NA                            8.4   39.52
261  107 r326   -1  -1   !NA                          16.15   38.85
266  104 r327   -1  -1   !NA                          16.57   38.59
265  101 r328   -1  -1   !NA                          16.47   38.35
250  100 r329   -1  -1   !NA                          15.23   38.27
259   95 r330   -1  -1   !NA                          15.98   37.85
250   93 r331   -1  -1   !NA                           15.2   37.67
246  168 r332   -1  -1   !NA                           14.9   43.93
218  170 r333   -1  -1   !NA                          12.58   44.07
237  152 r334   -1  -1   !NA                          14.15    42.6
201  151 r335   -1  -1   !NA                          11.15   42.52
182  149 r336   -1  -1   !NA                           9.53   42.38
216  140 r337   -1  -1   !NA                           12.4    41.6
225  135 r338   -1  -1   !NA                          13.15   41.18
219  138 r339   -1  -1   !NA                          12.67   41.46
274  133 r340   -1  -1   !NA                          17.19   41.01
299  130 r341   -1  -1   !NA                          19.32   40.77
172  132 r342   -1  -1   !NA                           8.71   40.91
246  125 r343   -1  -1   !NA                           14.9   40.35
285  119 r344   -1  -1   !NA                          18.12   39.89
287  118 r345   -1  -1   !NA                          18.35    39.8
272  114 r346   -1  -1   !NA                          17.07   39.42
248   99 r347   -1  -1   !NA                          15.07   38.18
250   84 r348   -1  -1   !NA                          15.24   36.97
249   83 r349   -1  -1   !NA                          15.14   36.88
241   70 r350   -1  -1   !NA                          14.48   35.77
222  168 r351   -1  -1   !NA                          12.92   43.91
284  128 r352   -1  -1   !NA                          18.04   40.56
279  124 r353   -1  -1   !NA                          17.68    40.3
249   82 r354   -1  -1   !NA                          15.15   36.77
244   81 r355   -1  -1   !NA                          14.75   36.72
267  122 r356   -1  -1   !NA                          16.65    40.1
194  156 r357   -1  -1   !NA                           10.6   42.96
286  151 r358   -1  -1   !NA                          18.23   42.52
235  154 r359   -1  -1   !Tordino                     13.98   42.74
258  139 r360   -1  -1   !NA                          15.92   41.49
271  126 r361   -1  -1   !NA                          16.98   40.43
256  118 r362   -1  -1   !NA                          15.73   39.77
183  115 r363   -1  -1   !NA                           9.63   39.52
258  103 r364   -1  -1   !NA                          15.92    38.5
261   97 r365   -1  -1   !NA                          16.15   38.02
244   99 r366   -1  -1   !NA                          14.73   38.18
229  186 r367   -1  -1   !NA                          13.48   45.43
238  176 r368   -1  -1   !NA                          14.23    44.6
246  168 r369   -1  -1   !NA                           14.9   43.93
188  168 r370   -1  -1   !NA                          10.07   43.93
188  168 r371   -1  -1   !NA                          10.07   43.93
223  168 r372   -1  -1   !NA                          12.98   43.93
153  164 r373   -1  -1   !NA                           7.15    43.6
263  160 r374   -1  -1   !NA                          16.32   43.27
149  161 r375   -1  -1   !NA                           6.82   43.35
193  160 r376   -1  -1   !NA                          10.48   43.27
170  147 r377   -1  -1   !NA                           8.59   42.17
258  140 r378   -1  -1   !NA                          15.89   41.59
180  141 r379   -1  -1   !NA                            9.4    41.7
176  138 r380   -1  -1   !NA                           9.07   41.43
270  135 r381   -1  -1   !NA                           16.9   41.18
271  126 r382   -1  -1   !NA                          16.98   40.43
278  124 r383   -1  -1   !NA                          17.54    40.3
185  128 r384   -1  -1   !NA                           9.82    40.6
168  123 r385   -1  -1   !NA                            8.4   40.18
270  116 r386   -1  -1   !NA                           16.9    39.6
260  109 r387   -1  -1   !NA                          16.07   39.02
269  107 r388   -1  -1   !NA                          16.82   38.85
172  107 r389   -1  -1   !NA                           8.73   38.85
255  100 r390   -1  -1   !NA                          15.65   38.27
238   98 r391   -1  -1   !NA                          14.23    38.1
234   98 r392   -1  -1   !NA                           13.9    38.1
242   82 r393   -1  -1   !NA                           14.6   36.77
225  188 r394   -1  -1   !NA                          13.15    45.6
226  188 r395   -1  -1   !NA                          13.23    45.6
231  181 r396   -1  -1   !NA                          13.65   45.02
170  172 r397   -1  -1   !NA                           8.57   44.27
178  172 r398   -1  -1   !NA                           9.23   44.27
249  167 r399   -1  -1   !NA                          15.15   43.85
229  135 r400   -1  -1   !NA                          13.48   41.18
182  135 r401   -1  -1   !NA                           9.57   41.18
174  134 r402   -1  -1   !NA                            8.9    41.1
236  130 r403   -1  -1   !NA                          14.07   40.77
287  126 r404   -1  -1   !NA                          18.29    40.4
289  121 r405   -1  -1   !NA                          18.48   40.02
178  111 r406   -1  -1   !NA                           9.24   39.22
179  111 r407   -1  -1   !NA                            9.3   39.21
272  107 r408   -1  -1   !NA                          17.07   38.85
266  101 r409   -1  -1   !NA                          16.57   38.35
257  101 r410   -1  -1   !NA                          15.82   38.35
256   95 r411   -1  -1   !NA                          15.73   37.85
228  188 r412   -1  -1   !NA                           13.4    45.6
249  144 r413   -1  -1   !NA                          15.18   41.92
302  142 r414   -1  -1   !Crni Drim / DrinDrini i Zi  19.57   41.77
340  120 r415   -1  -1   !NA                          22.72   39.93
325   91 r416   -1  -1   !NA                          21.48   37.52
214  141 r417   -1  -1   !Tevere                      12.23   41.68
340  127 r418   -1  -1   !NA                          22.72    40.5
353  130 r419   -1  -1   !NA                          23.85   40.79
302  142 r420   -1  -1   !NA                          19.59   41.75
299  129 r421   -1  -1   !Aoos / Vjose                19.32   40.65
394   96 r422   -1  -1   !NA                          27.27   37.95
331   84 r424   -1  -1   !NA                          21.98   36.93
338  123 r425   -1  -1   !NA                          22.56   40.18
388  111 r426   -1  -1   !NA                          26.77   39.17
316  105 r427   -1  -1   !NA                          20.73   38.68
447   80 r428   -1  -1   !NA                          31.65    36.6
390   92 r429   -1  -1   !NA                           26.9    37.6
351   93 r430   -1  -1   !NA                          23.65   37.68
435   83 r431   -1  -1   !NA                          30.63   36.85
469   74 r432   -1  -1   !NA                          33.48    36.1
342   90 r433   -1  -1   !NA                           22.9   37.43
316   96 r434   -1  -1   !NA                          20.73   37.93
462   64 r435   -1  -1   !NA                          32.93   35.23
334   83 r436   -1  -1   !NA                          22.23   36.89
368   65 r437   -1  -1   !NA                          25.11   35.34
368   65 r438   -1  -1   !NA                          25.07   35.34
361   66 r439   -1  -1   !NA                          24.48   35.43
344  116 r440   -1  -1   !NA                          23.07    39.6
390  107 r441   -1  -1   !NA                           26.9   38.85
345  115 r442   -1  -1   !NA                          23.15   39.52
389   98 r443   -1  -1   !NA                          26.82    38.1
352  106 r444   -1  -1   !NA                          23.73   38.77
316  108 r445   -1  -1   !NA                          20.73   38.93
317  104 r446   -1  -1   !NA                          20.82    38.6
351  106 r447   -1  -1   !NA                          23.65   38.77
323  101 r448   -1  -1   !NA                          21.32   38.35
462   73 r449   -1  -1   !NA                           32.9   36.02
348   89 r450   -1  -1   !NA                           23.4   37.35
340   82 r451   -1  -1   !NA                          22.76    36.8
327   84 r452   -1  -1   !NA                          21.66   36.97
344   81 r453   -1  -1   !NA                          23.07   36.68
378   63 r454   -1  -1   !NA                          25.86   35.15
353   63 r455   -1  -1   !NA                          23.82   35.18
376  130 r456   -1  -1   !NA                          25.73   40.77
363  127 r457   -1  -1   !NA                          24.65   40.52
384  126 r458   -1  -1   !NA                           26.4   40.43
380  119 r459   -1  -1   !NA                          26.07   39.85
501   81 r460   -1  -1   !NA                          36.15   36.68
389  106 r461   -1  -1   !NA                          26.82   38.77
305  115 r462   -1  -1   !NA                          19.82   39.52
499   79 r463   -1  -1   !NA                          35.98   36.52
349  108 r464   -1  -1   !NA                          23.48   38.93
355  106 r465   -1  -1   !NA                          23.98   38.77
352  106 r466   -1  -1   !NA                          23.73   38.77
476   76 r467   -1  -1   !NA                          34.07   36.27
357   99 r468   -1  -1   !NA                          24.15   38.18
357   98 r469   -1  -1   !NA                          24.15    38.1
351  106 r470   -1  -1   !NA                          23.65   38.77
467   74 r471   -1  -1   !NA                          33.32    36.1
342   91 r472   -1  -1   !NA                           22.9   37.52
416   81 r473   -1  -1   !NA                          29.11   36.67
464   66 r474   -1  -1   !NA                          33.07   35.43
471   60 r475   -1  -1   !NA                          33.66   34.96
461   63 r476   -1  -1   !NA                          32.81   35.15
455   60 r477   -1  -1   !NA                          32.33   34.92
376   60 r478   -1  -1   !NA                          25.73   34.93
340   82 r479   -1  -1   !Evrotas                     22.71   36.81
338  123 r480   -1  -1   !NA                          22.59   40.21
390  107 r481   -1  -1   !NA                           26.9   38.85
445   81 r482   -1  -1   !NA                          31.48   36.68
323  101 r483   -1  -1   !NA                          21.32   38.35
348   89 r484   -1  -1   !NA                           23.4   37.35
363   66 r485   -1  -1   !NA                          24.65   35.41
485   82 r486   -1  -1   !NA                          34.79    36.8
323   99 r487   -1  -1   !NA                          21.32   38.18
315  100 r488   -1  -1   !NA                          20.63   38.25
341   91 r489   -1  -1   !NA                          22.82   37.52
419   75 r490   -1  -1   !NA                          29.32   36.18
334   83 r491   -1  -1   !NA                          22.23   36.85
374   60 r492   -1  -1   !NA                          25.57   34.93
361   62 r493   -1  -1   !NA                          24.48    35.1
362  131 r494   -1  -1   !NA                          24.57   40.85
353  128 r495   -1  -1   !NA                          23.78   40.61
338  122 r496   -1  -1   !NA                          22.57    40.1
342  117 r497   -1  -1   !NA                          22.88    39.7
345  116 r498   -1  -1   !NA                          23.15    39.6
389   98 r499   -1  -1   !NA                          26.82    38.1
481   81 r500   -1  -1   !NA                          34.46   36.69
316  105 r501   -1  -1   !NA                          20.73   38.68
346  110 r502   -1  -1   !NA                          23.23    39.1
316  108 r503   -1  -1   !NA                          20.73   38.93
356   98 r504   -1  -1   !NA                          24.07    38.1
453   77 r505   -1  -1   !NA                          32.15   36.35
347   88 r506   -1  -1   !NA                          23.32   37.27
343   89 r507   -1  -1   !NA                          22.98   37.35
347   88 r508   -1  -1   !NA                          23.32   37.27
323   92 r509   -1  -1   !NA                          21.32    37.6
327   84 r510   -1  -1   !NA                          21.65   36.93
342   80 r511   -1  -1   !NA                           22.9    36.6
367   66 r512   -1  -1   !NA                          24.95    35.4
379   61 r513   -1  -1   !NA                             26   35.03
362   62 r514   -1  -1   !NA                          24.56   35.11
387  127 r515   -1  -1   !NA                          26.65   40.52
382  123 r516   -1  -1   !NA                          26.23   40.18
355  122 r517   -1  -1   !NA                          23.98   40.12
353  121 r518   -1  -1   !NA                          23.82   40.02
379  113 r519   -1  -1   !NA                          25.98   39.35
385  113 r520   -1  -1   !NA                          26.48   39.35
379  110 r521   -1  -1   !NA                          25.96   39.11
306  114 r522   -1  -1   !NA                           19.9   39.43
346  113 r523   -1  -1   !NA                          23.23   39.35
381  104 r524   -1  -1   !NA                          26.15    38.6
345  114 r525   -1  -1   !NA                          23.15   39.43
349  108 r526   -1  -1   !NA                          23.48   38.93
474   76 r527   -1  -1   !NA                          33.93   36.29
391   93 r528   -1  -1   !NA                          26.97    37.7
362   99 r529   -1  -1   !NA                          24.57   38.18
397   87 r530   -1  -1   !NA                          27.48   37.18
434   80 r531   -1  -1   !NA                          30.57   36.56
322   94 r532   -1  -1   !NA                          21.27   37.79
372   87 r533   -1  -1   !NA                           25.4   37.18
373   83 r534   -1  -1   !NA                          25.48   36.85
459   64 r535   -1  -1   !NA                          32.65   35.27
461   63 r536   -1  -1   !NA                          32.83   35.14
456   58 r537   -1  -1   !NA                          32.42   34.75
 39   82 r538   -1  -1   !NA                          -2.35   36.77
170  108 r539   -1  -1   !NA                           8.57   38.93
125  161 r540   -1  -1   !Rhone                        4.84   43.34
300  134 r541   -1  -1   !Seman                        19.4    41.1
316  105 r542   -1  -1   !Arachthos                   20.73   38.68
345  114 r543   -1  -1   !Spercheios                  23.15   39.43
491   79 r544   -1  -1   !NA                          35.32   36.52
313  111 r545   -1  -1   !NA                          20.48   39.18
412   81 r546   -1  -1   !NA                          28.71   36.71
341  127 r547   -1  -1   !NA                          22.82   40.52
345  116 r548   -1  -1   !NA                          23.15    39.6
441   82 r549   -1  -1   !NA                          31.15   36.77
446   81 r550   -1  -1   !NA                          31.55   36.72
350   92 r551   -1  -1   !NA                          23.57    37.6
343   89 r552   -1  -1   !NA                          22.98   37.35
342   91 r553   -1  -1   !NA                           22.9   37.52
332   85 r554   -1  -1   !NA                          22.07   37.02
340   82 r555   -1  -1   !NA                          22.74   36.81
333   83 r556   -1  -1   !NA                          22.15   36.85
358   67 r557   -1  -1   !NA                          24.23   35.52
360   66 r558   -1  -1   !NA                           24.4   35.43
267  122 r559   -1  -1   !NA                          16.67   40.14
229  188 r560   -1  -1   !Isonzo / Soca               13.48    45.6
393   92 r561   -1  -1   !NA                          27.15    37.6
300  132 r562   -1  -1   !NA                           19.4   40.93
309  113 r563   -1  -1   !NA                          20.15   39.35
356   97 r564   -1  -1   !NA                          24.07   38.02
341   91 r565   -1  -1   !NA                          22.82   37.52
342   88 r566   -1  -1   !NA                           22.9   37.27
341   80 r567   -1  -1   !NA                          22.82    36.6
378  130 r568   -1  -1   !NA                           25.9   40.77
300  137 r569   -1  -1   !NA                          19.42   41.38
305  121 r570   -1  -1   !NA                          19.84   40.05
349  107 r571   -1  -1   !NA                          23.46   38.84
345  114 r572   -1  -1   !NA                          23.15   39.43
352   95 r573   -1  -1   !NA                          23.73   37.85
324  100 r574   -1  -1   !NA                           21.4   38.27
324  100 r575   -1  -1   !NA                           21.4   38.27
342   91 r576   -1  -1   !NA                           22.9   37.52
429   76 r577   -1  -1   !NA                          30.15   36.27
475   63 r578   -1  -1   !NA                          33.98   35.18
462   56 r579   -1  -1   !NA                           32.9    34.6
353   68 r580   -1  -1   !NA                          23.82    35.6
359   66 r581   -1  -1   !NA                          24.32   35.43
364   61 r582   -1  -1   !NA                          24.73   35.02
371   60 r583   -1  -1   !NA                          25.32   34.93
384  126 r584   -1  -1   !NA                           26.4   40.43
345  124 r585   -1  -1   !NA                          23.19   40.26
388  115 r586   -1  -1   !NA                          26.73   39.52
307  119 r587   -1  -1   !NA                          19.98   39.85
484   82 r588   -1  -1   !NA                          34.73   36.77
483   82 r589   -1  -1   !NA                          34.62   36.79
347  113 r590   -1  -1   !NA                          23.32   39.35
479   80 r591   -1  -1   !NA                          34.32   36.61
355  106 r592   -1  -1   !NA                          23.98   38.77
348  109 r593   -1  -1   !NA                           23.4   39.02
351  106 r594   -1  -1   !NA                          23.65   38.77
317  104 r595   -1  -1   !NA                          20.82    38.6
320  102 r596   -1  -1   !NA                          21.07   38.43
316  105 r597   -1  -1   !NA                          20.71   38.71
323  101 r598   -1  -1   !NA                          21.32   38.35
344   90 r599   -1  -1   !NA                          23.07   37.43
408   83 r600   -1  -1   !NA                           28.4   36.85
348   89 r601   -1  -1   !NA                           23.4   37.35
326   91 r602   -1  -1   !NA                           21.6   37.51
343   86 r603   -1  -1   !NA                          22.96   37.07
462   63 r604   -1  -1   !NA                          32.89   35.17
456   62 r605   -1  -1   !NA                           32.4    35.1
458   57 r606   -1  -1   !NA                          32.55    34.7
458   57 r607   -1  -1   !NA                          32.56   34.69
370   65 r608   -1  -1   !NA                           25.2   35.33
382   61 r609   -1  -1   !NA                          26.23   35.02
356   63 r610   -1  -1   !NA                           24.1    35.2
351   63 r611   -1  -1   !NA                          23.65   35.18
379  130 r612   -1  -1   !NA                          25.98   40.77
361  129 r613   -1  -1   !NA                          24.52   40.65
339  125 r614   -1  -1   !NA                          22.62   40.31
381  101 r615   -1  -1   !NA                          26.15   38.33
346  113 r616   -1  -1   !NA                          23.23   39.35
477   78 r617   -1  -1   !NA                          34.15   36.43
438   83 r618   -1  -1   !NA                          30.87   36.85
361   99 r619   -1  -1   !NA                          24.48   38.18
455   75 r620   -1  -1   !NA                          32.32   36.18
324  100 r621   -1  -1   !NA                           21.4   38.27
402   85 r622   -1  -1   !NA                           27.9   37.03
372   84 r623   -1  -1   !NA                           25.4   36.93
457   62 r624   -1  -1   !NA                          32.47   35.07
373   60 r625   -1  -1   !NA                          25.48   34.93
234  156 r626   -1  -1   !Tronto                      13.91   42.89
248  145 r627   -1  -1   !Biferno                     15.03   41.98
258  140 r628   -1  -1   !NA                          15.89   41.58
173  133 r629   -1  -1   !NA                           8.82   41.02
162  166 r630   -1  -1   !NA                            7.9   43.77
231  163 r631   -1  -1   !NA                          13.65   43.52
193  160 r632   -1  -1   !NA                          10.49    43.3
280  154 r633   -1  -1   !NA                          17.73   42.77
293  147 r634   -1  -1   !NA                          18.82   42.18
237  152 r635   -1  -1   !Saline                      14.15    42.6
201  151 r636   -1  -1   !NA                          11.15   42.52
182  150 r637   -1  -1   !NA                           9.54   42.44
170  148 r638   -1  -1   !NA                           8.57   42.27
258  139 r639   -1  -1   !NA                           15.9   41.53
179  136 r640   -1  -1   !NA                           9.32   41.27
168  131 r641   -1  -1   !NA                           8.39   40.84
169  118 r642   -1  -1   !NA                           8.48   39.77
270  107 r643   -1  -1   !NA                           16.9   38.85
169  109 r644   -1  -1   !NA                           8.48   39.02
261   97 r645   -1  -1   !NA                          16.15   38.06
230   98 r646   -1  -1   !NA                          13.57    38.1
249   89 r647   -1  -1   !NA                          15.15   37.35
231  188 r648   -1  -1   !NA                          13.65    45.6
218  185 r649   -1  -1   !NA                          12.57   45.35
243  170 r650   -1  -1   !NA                          14.65    44.1
246  168 r651   -1  -1   !NA                           14.9   43.93
172  173 r652   -1  -1   !NA                           8.73   44.35
169  172 r653   -1  -1   !NA                           8.48   44.27
167  170 r654   -1  -1   !NA                           8.32    44.1
266  157 r655   -1  -1   !NA                          16.57   43.02
138  157 r656   -1  -1   !NA                            5.9   43.02
144  158 r657   -1  -1   !NA                           6.37   43.13
213  143 r658   -1  -1   !NA                          12.19   41.87
302  140 r659   -1  -1   !NA                          19.57    41.6
217  139 r660   -1  -1   !NA                          12.48   41.52
269  135 r661   -1  -1   !NA                          16.82   41.18
231  135 r662   -1  -1   !NA                          13.65   41.18
276  132 r663   -1  -1   !NA                           17.4   40.93
289  123 r664   -1  -1   !NA                          18.46   40.21
183  123 r665   -1  -1   !NA                           9.63   40.18
180  110 r666   -1  -1   !NA                            9.4    39.1
175  108 r667   -1  -1   !NA                           8.98   38.93
265  101 r668   -1  -1   !NA                          16.48   38.35
245   99 r669   -1  -1   !NA                           14.8   38.15
252   96 r670   -1  -1   !NA                          15.38   37.95
251   95 r671   -1  -1   !NA                          15.32   37.85
223   98 r672   -1  -1   !NA                          12.98    38.1
219   91 r673   -1  -1   !NA                          12.65   37.52
249   91 r674   -1  -1   !NA                          15.15   37.52
232   86 r675   -1  -1   !NA                          13.73    37.1
244  170 r676   -1  -1   !NA                          14.73    44.1
253  165 r677   -1  -1   !NA                          15.48   43.68
161  166 r678   -1  -1   !NA                           7.82   43.77
163  167 r679   -1  -1   !NA                           7.96   43.85
272  155 r680   -1  -1   !NA                          17.07   42.85
190  153 r681   -1  -1   !NA                          10.23   42.68
239  150 r682   -1  -1   !NA                          14.32   42.43
204  149 r683   -1  -1   !NA                           11.4   42.35
212  144 r684   -1  -1   !NA                          12.07   41.93
260  141 r685   -1  -1   !NA                          16.08   41.71
258  140 r686   -1  -1   !NA                          15.91   41.62
222  137 r687   -1  -1   !NA                           12.9   41.35
233  134 r688   -1  -1   !NA                          13.82    41.1
289  121 r689   -1  -1   !NA                          18.48   40.02
256  118 r690   -1  -1   !NA                          15.73   39.77
184  120 r691   -1  -1   !NA                           9.73   39.93
184  119 r692   -1  -1   !NA                           9.73   39.85
171  107 r693   -1  -1   !NA                           8.65   38.85
217   93 r694   -1  -1   !NA                          12.48   37.68
249   83 r695   -1  -1   !NA                          15.15   36.85
247   81 r696   -1  -1   !NA                             15    36.7
216  178 r697   -1  -1   !NA                           12.4   44.77
231  163 r698   -1  -1   !NA                          13.65   43.52
241   82 r699   -1  -1   !NA                          14.48    36.8
389  110 r700   -1  -1   !NA                          26.82    39.1
384  108 r701   -1  -1   !NA                           26.4   38.93
384  105 r702   -1  -1   !NA                          26.44   38.67
477   78 r703   -1  -1   !NA                          34.15   36.43
393   92 r704   -1  -1   !NA                          27.15    37.6
463   74 r705   -1  -1   !NA                             33    36.1
408   83 r706   -1  -1   !NA                          28.39   36.85
403   83 r707   -1  -1   !NA                          27.98   36.85
473   60 r708   -1  -1   !NA                          33.82   34.93
104  152 r709   -1  -1   !Tech                         3.04   42.59
 64  114 r710   -1  -1   !NA                          -0.27   39.43
 67  119 r711   -1  -1   !NA                          -0.02   39.85
 64  102 r712   -1  -1   !NA                          -0.27   38.43
 58   93 r713   -1  -1   !NA                          -0.77   37.68
  8   78 r714   -1  -1   !NA                          -4.93   36.43
 99  139 r716   -1  -1   !NA                           2.65   41.52
 92  136 r717   -1  -1   !NA                           2.08   41.28
101  120 r718   -1  -1   !NA                           2.82   39.93
106  118 r719   -1  -1   !NA                           3.24   39.73
382  121 r720   -1  -1   !NA                          26.23   40.02
339  125 r721   -1  -1   !NA                          22.63   40.33
496   81 r722   -1  -1   !NA                          35.73   36.68
495   81 r723   -1  -1   !NA                          35.67   36.71
310  113 r724   -1  -1   !NA                          20.23   39.35
386  105 r725   -1  -1   !NA                          26.57   38.68
 65  111 r726   -1  -1   !Jõcar                       -0.18   39.18
 14   81 r727   -1  -1   !NA                          -4.46   36.67
105  147 r728   -1  -1   !NA                           3.15   42.18
 64  113 r729   -1  -1   !NA                          -0.27   39.35
 31   81 r730   -1  -1   !NA                          -3.02   36.68
106  145 r731   -1  -1   !NA                           3.19   42.01
 65  110 r732   -1  -1   !NA                          -0.18    39.1
 12   79 r733   -1  -1   !NA                          -4.63   36.53
 68  121 r734   -1  -1   !NA                           0.03      40
 97  114 r735   -1  -1   !NA                           2.48   39.43
 52   91 r736   -1  -1   !NA                          -1.27   37.52
 14   81 r737   -1  -1   !NA                          -4.42   36.71
  7   78 r738   -1  -1   !NA                          -5.06   36.45
105  147 r740   -1  -1   !NA                           3.15   42.18
106  118 r741   -1  -1   !NA                           3.21   39.74
380  119 r742   -1  -1   !NA                          26.07   39.85
341   91 r743   -1  -1   !NA                          22.82   37.52
426   75 r744   -1  -1   !NA                           29.9   36.18
  4   76 r745   -1  -1   !NA                          -5.29    36.3
 94  137 r746   -1  -1   !NA                           2.23   41.35
 67  104 r747   -1  -1   !NA                          -0.04   38.61
 73  126 r748   -1  -1   !NA                           0.48   40.43
 67  119 r749   -1  -1   !NA                          -0.04   39.89
 99  115 r750   -1  -1   !NA                           2.68   39.56
 27   81 r751   -1  -1   !NA                          -3.36   36.72
215  182 r752   -1  -1   !NA                          12.32    45.1
182  146 r753   -1  -1   !Tavignano                    9.55    42.1
262  137 r754   -1  -1   !Ofanto                      16.19   41.36
184  125 r755   -1  -1   !NA                           9.71   40.38
250   94 r756   -1  -1   !NA                          15.26   37.81
226   89 r757   -1  -1   !NA                          13.23   37.35
217  183 r758   -1  -1   !NA                          12.48   45.18
238  177 r759   -1  -1   !NA                          14.23   44.68
179  172 r760   -1  -1   !NA                           9.32   44.27
218  170 r761   -1  -1   !NA                          12.55   44.07
189  168 r762   -1  -1   !NA                          10.15   43.93
102  113 r763   -1  -1   !NA                           2.92   39.36
  6   77 r764   -1  -1   !NA                           -5.1   36.35
 36   82 r765   -1  -1   !NA                          -2.58    36.8
 86  108 r766   -1  -1   !NA                           1.57   38.93
 63  102 r767   -1  -1   !NA                          -0.34   38.46
114  163 r768   -1  -1   !NA                           3.93   43.53
104  157 r769   -1  -1   !NA                           3.07   43.02
104  153 r770   -1  -1   !NA                           3.03   42.66
104  157 r771   -1  -1   !NA                           3.07   43.02
 33   81 r772   -1  -1   !NA                          -2.82   36.71
106  150 r773   -1  -1   !NA                           3.23   42.43
 66  109 r774   -1  -1   !NA                           -0.1   39.02
 20   81 r775   -1  -1   !NA                          -3.93   36.68
 32   81 r776   -1  -1   !NA                          -2.93   36.68
142  158 r777   -1  -1   !NA                           6.19   43.11
369  132 r778   -1  -1   !NA                          25.15   40.93
307  119 r779   -1  -1   !NA                          19.98   39.85
316  108 r780   -1  -1   !Lo?ros                      20.73   38.93
475   76 r781   -1  -1   !NA                             34   36.31
323   99 r782   -1  -1   !NA                          21.32   38.18
356  129 r783   -1  -1   !NA                          24.07   40.68
486   81 r784   -1  -1   !NA                           34.9   36.68
345  115 r785   -1  -1   !NA                          23.15   39.52
478   79 r786   -1  -1   !NA                          34.23   36.52
348  110 r787   -1  -1   !NA                           23.4    39.1
323  101 r788   -1  -1   !NA                          21.32   38.35
411   81 r789   -1  -1   !NA                          28.65   36.68
322   94 r790   -1  -1   !NA                          21.23   37.77
430   76 r791   -1  -1   !NA                          30.23   36.27
342   91 r792   -1  -1   !NA                           22.9   37.52
341   91 r793   -1  -1   !NA                          22.82   37.52
341   89 r794   -1  -1   !NA                          22.78   37.37
338   81 r795   -1  -1   !NA                          22.54   36.72
388  115 r796   -1  -1   !NA                          26.73   39.52
500   83 r797   -1  -1   !NA                          36.07   36.85
386  111 r798   -1  -1   !NA                          26.57   39.18
347  113 r799   -1  -1   !NA                          23.32   39.35
317  104 r800   -1  -1   !NA                          20.82    38.6
388   93 r801   -1  -1   !NA                          26.73   37.68
393   91 r802   -1  -1   !NA                          27.15   37.52
323  101 r803   -1  -1   !NA                          21.32   38.35
348   88 r804   -1  -1   !NA                           23.4   37.27
458   73 r805   -1  -1   !NA                          32.57   36.02
350   92 r806   -1  -1   !NA                          23.57    37.6
403   85 r807   -1  -1   !NA                          27.97   37.03
475   64 r808   -1  -1   !NA                          33.98   35.27
400   73 r809   -1  -1   !NA                          27.76   36.05
344   83 r810   -1  -1   !NA                          23.05   36.84
331   84 r811   -1  -1   !NA                          21.98   36.93
457   57 r812   -1  -1   !NA                          32.48   34.68
357   63 r813   -1  -1   !NA                          24.16   35.19
379  130 r814   -1  -1   !NA                          25.98   40.77
389  128 r815   -1  -1   !NA                          26.82    40.6
354  129 r816   -1  -1   !NA                           23.9   40.68
353  128 r817   -1  -1   !NA                          23.78    40.6
382  124 r818   -1  -1   !NA                          26.23   40.27
342  117 r819   -1  -1   !NA                           22.9   39.64
497   82 r820   -1  -1   !NA                          35.79   36.77
347  112 r821   -1  -1   !NA                          23.31   39.23
480   80 r822   -1  -1   !NA                           34.4    36.6
349  108 r823   -1  -1   !NA                          23.48   38.93
388   93 r824   -1  -1   !NA                          26.73   37.68
356   98 r825   -1  -1   !NA                          24.07    38.1
452   78 r826   -1  -1   !NA                          32.07   36.43
366   96 r827   -1  -1   !NA                           24.9   37.93
434   80 r828   -1  -1   !NA                          30.57    36.6
416   79 r829   -1  -1   !NA                          29.07   36.52
322   97 r830   -1  -1   !NA                          21.23   38.02
425   74 r831   -1  -1   !NA                          29.82    36.1
405   75 r832   -1  -1   !NA                          28.15   36.18
471   59 r833   -1  -1   !NA                          33.63   34.86
464   57 r834   -1  -1   !NA                          33.04   34.67
374   65 r835   -1  -1   !NA                          25.57   35.32
378  113 r836   -1  -1   !NA                           25.9   39.35
388   99 r837   -1  -1   !NA                          26.73   38.18
435   82 r838   -1  -1   !NA                          30.65   36.77
411   81 r839   -1  -1   !NA                          28.65   36.68
401   71 r840   -1  -1   !NA                          27.82   35.85
104  153 r841   -1  -1   !NA                           3.04   42.71
105  147 r842   -1  -1   !NA                           3.11    42.2
 82  134 r843   -1  -1   !NA                           1.22    41.1
 65  110 r844   -1  -1   !NA                          -0.18    39.1
 46   87 r845   -1  -1   !NA                          -1.77   37.18
 36   82 r846   -1  -1   !NA                           -2.6   36.77
 80  133 r847   -1  -1   !NA                           1.07   41.02
 65  117 r848   -1  -1   !NA                          -0.18   39.68
 64  115 r849   -1  -1   !NA                          -0.27   39.52
 99  115 r850   -1  -1   !NA                           2.65   39.52
 83  110 r851   -1  -1   !NA                           1.32    39.1
 29   81 r852   -1  -1   !NA                          -3.18   36.68
 25   81 r853   -1  -1   !NA                           -3.5   36.71
115  119 r854   -1  -1   !NA                           3.98   39.85
 59   96 r855   -1  -1   !NA                           -0.7   37.96
 58   94 r856   -1  -1   !NA                           -0.8   37.81
 50   90 r857   -1  -1   !NA                          -1.43   37.43
111  161 r858   -1  -1   !NA                           3.66   43.39
104  157 r859   -1  -1   !NA                           3.07   43.02
128  160 r860   -1  -1   !NA                           5.07   43.27
 78  130 r861   -1  -1   !Ebro                         0.87   40.73
224  167 r862   -1  -1   !NA                          13.05   43.83
181  152 r863   -1  -1   !NA                           9.47   42.62
296  146 r864   -1  -1   !NA                          19.08   42.09
172  144 r865   -1  -1   !NA                           8.73   41.93
174  138 r866   -1  -1   !NA                            8.9   41.43
179  140 r867   -1  -1   !NA                           9.29   41.58
227  136 r868   -1  -1   !NA                          13.28    41.3
245  128 r869   -1  -1   !NA                          14.84   40.63
273  126 r870   -1  -1   !NA                          17.15   40.43
183  113 r871   -1  -1   !NA                           9.65   39.35
261  106 r872   -1  -1   !NA                          16.15   38.77
261   97 r873   -1  -1   !NA                          16.15   38.02
249   99 r874   -1  -1   !NA                          15.17   38.15
250   84 r875   -1  -1   !NA                          15.23   36.93
231  188 r876   -1  -1   !NA                          13.65    45.6
217  184 r877   -1  -1   !NA                          12.48   45.27
216  182 r878   -1  -1   !NA                           12.4    45.1
249  167 r879   -1  -1   !NA                          15.15   43.85
215  174 r880   -1  -1   !NA                          12.32   44.43
253  165 r881   -1  -1   !NA                          15.48   43.68
220  169 r882   -1  -1   !NA                          12.73   44.02
163  167 r883   -1  -1   !NA                              8   43.87
190  167 r884   -1  -1   !NA                          10.23   43.89
279  154 r885   -1  -1   !NA                          17.65   42.77
234  156 r886   -1  -1   !NA                           13.9   42.93
291  149 r887   -1  -1   !NA                          18.65   42.35
208  146 r888   -1  -1   !NA                          11.73    42.1
256  144 r889   -1  -1   !NA                          15.73   41.93
269  135 r890   -1  -1   !NA                          16.82   41.18
169  118 r891   -1  -1   !NA                           8.48   39.77
247   99 r892   -1  -1   !NA                          14.99   38.15
255   96 r893   -1  -1   !NA                          15.65   37.93
228   99 r894   -1  -1   !NA                           13.4   38.18
228   88 r895   -1  -1   !NA                           13.4   37.27
246   81 r896   -1  -1   !NA                           14.9   36.68
230  183 r897   -1  -1   !NA                          13.57   45.18
236  179 r898   -1  -1   !NA                          14.07   44.85
173  173 r899   -1  -1   !NA                           8.82   44.35
177  172 r900   -1  -1   !NA                           9.15   44.27
164  167 r901   -1  -1   !NA                           8.07   43.85
260  162 r902   -1  -1   !NA                          16.07   43.43
240  150 r903   -1  -1   !NA                           14.4   42.43
241  149 r904   -1  -1   !NA                          14.44   42.31
207  148 r905   -1  -1   !NA                          11.65   42.28
180  142 r906   -1  -1   !NA                            9.4   41.75
265  136 r907   -1  -1   !NA                          16.47   41.26
228  135 r908   -1  -1   !NA                           13.4   41.18
183  132 r909   -1  -1   !NA                           9.65   40.93
285  127 r910   -1  -1   !NA                          18.11   40.51
167  127 r911   -1  -1   !NA                           8.32   40.52
277  124 r912   -1  -1   !NA                          17.48   40.27
184  120 r913   -1  -1   !NA                           9.73   39.93
273  110 r914   -1  -1   !NA                          17.15    39.1
224  188 r915   -1  -1   !NA                          13.07    45.6
217  179 r916   -1  -1   !NA                          12.48   44.85
159  166 r917   -1  -1   !NA                           7.64   43.78
217  179 r918   -1  -1   !Po                          12.48   44.85
353  125 r919   -1  -1   !NA                          23.82   40.35
305  121 r920   -1  -1   !NA                          19.82   40.05
304  119 r921   -1  -1   !NA                          19.73   39.85
315  109 r922   -1  -1   !NA                          20.65   39.02
384   99 r923   -1  -1   !NA                           26.4   38.18
346  113 r924   -1  -1   !NA                          23.23   39.35
357  104 r925   -1  -1   !NA                          24.16   38.56
350  107 r926   -1  -1   !NA                          23.57   38.85
351  106 r927   -1  -1   !NA                          23.65   38.77
319  104 r928   -1  -1   !NA                          21.01   38.62
324   91 r930   -1  -1   !NA                           21.4   37.52
463   74 r931   -1  -1   !NA                          32.96    36.1
324  100 r932   -1  -1   !NA                           21.4   38.27
360   96 r933   -1  -1   !NA                           24.4   37.93
465   74 r934   -1  -1   !NA                          33.18   36.13
356   97 r935   -1  -1   !NA                          24.07   38.02
351   95 r936   -1  -1   !NA                          23.65   37.85
342   91 r937   -1  -1   !NA                           22.9   37.52
323   98 r938   -1  -1   !NA                          21.32    38.1
327   84 r939   -1  -1   !NA                          21.65   36.93
337   80 r940   -1  -1   !NA                          22.48    36.6
376   63 r941   -1  -1   !NA                          25.73   35.18
351   63 r942   -1  -1   !NA                          23.65   35.18
383  127 r943   -1  -1   !NA                          26.32   40.52
342  128 r944   -1  -1   !NA                           22.9    40.6
370  119 r945   -1  -1   !NA                          25.23   39.85
388  111 r946   -1  -1   !NA                          26.73   39.18
380  109 r947   -1  -1   !NA                          26.07   39.02
342  117 r948   -1  -1   !NA                          22.88   39.69
379  105 r949   -1  -1   !NA                          25.98   38.68
387   99 r950   -1  -1   !NA                          26.65   38.18
388   99 r951   -1  -1   !NA                          26.76   38.22
393   96 r952   -1  -1   !NA                          27.15   37.93
359  100 r953   -1  -1   !NA                          24.32   38.27
396   88 r954   -1  -1   !NA                           27.4   37.27
461   73 r955   -1  -1   !NA                          32.83   36.04
324  100 r956   -1  -1   !NA                           21.4   38.27
434   79 r957   -1  -1   !NA                          30.53    36.5
407   82 r958   -1  -1   !NA                          28.32   36.77
372   87 r959   -1  -1   !NA                           25.4   37.18
461   63 r960   -1  -1   !NA                          32.85   35.15
373   65 r961   -1  -1   !NA                          25.48   35.35
372   60 r962   -1  -1   !NA                           25.4   34.93
389  128 r963   -1  -1   !NA                          26.82    40.6
105  143 r964   -1  -1   !NA                           3.12   41.85
 96  138 r965   -1  -1   !NA                            2.4   41.43
 77  130 r966   -1  -1   !NA                           0.82   40.77
 86  108 r967   -1  -1   !NA                           1.57   38.93
 66  103 r968   -1  -1   !NA                           -0.1   38.52
 51   91 r969   -1  -1   !NA                          -1.37   37.53
 22   81 r970   -1  -1   !NA                          -3.77   36.68
 41   81 r971   -1  -1   !NA                          -2.18   36.68
113  120 r972   -1  -1   !NA                           3.82   39.93
106  159 r973   -1  -1   !Aude                         3.24   43.21
107  160 r974   -1  -1   !NA                            3.3   43.25
136  158 r975   -1  -1   !NA                           5.73    43.1
108  160 r976   -1  -1   !NA                           3.41   43.29
104  155 r977   -1  -1   !NA                           3.07   42.85
  4   76 r978   -1  -1   !NA                          -5.29   36.26
339  127 r979   -1  -1   !Loudias                     22.68   40.53
490   80 r980   -1  -1   !NA                          35.23    36.6
302  140 r981   -1  -1   !NA                          19.58    41.6
324  100 r982   -1  -1   !NA                           21.4   38.27
364   61 r983   -1  -1   !NA                          24.73   35.02
351   95 r984   -1  -1   !NA                          23.65   37.85
344   90 r985   -1  -1   !NA                          23.07   37.43
318   93 r986   -1  -1   !NA                           20.9   37.68
344   90 r987   -1  -1   !NA                          23.07   37.43
327   89 r988   -1  -1   !NA                          21.68   37.38
361  132 r989   -1  -1   !NA                          24.51   40.96
382  124 r990   -1  -1   !NA                          26.23   40.27
345  115 r991   -1  -1   !NA                          23.15   39.52
498   78 r992   -1  -1   !NA                          35.89   36.42
345  114 r993   -1  -1   !NA                          23.15   39.43
348  109 r994   -1  -1   !NA                           23.4   39.02
351  106 r995   -1  -1   !NA                          23.65   38.77
319  104 r996   -1  -1   !NA                          20.98    38.6
319  104 r997   -1  -1   !NA                          20.98    38.6
314  103 r999   -1  -1   !NA                          20.57   38.52
348   89 r1000  -1  -1   !NA                           23.4   37.35
315  100 r1001  -1  -1   !NA                          20.65   38.27
407   82 r1002  -1  -1   !NA                          28.32   36.77
355   92 r1003  -1  -1   !NA                          23.98    37.6
416   81 r1004  -1  -1   !NA                          29.05   36.69
342   91 r1005  -1  -1   !NA                          22.88   37.53
344   81 r1006  -1  -1   !NA                          23.07   36.68
362   66 r1007  -1  -1   !NA                          24.57   35.43
387  127 r1008  -1  -1   !NA                          26.65   40.52
357  129 r1009  -1  -1   !NA                          24.15   40.68
382  123 r1010  -1  -1   !NA                          26.23   40.18
338  122 r1011  -1  -1   !NA                          22.57    40.1
341  119 r1012  -1  -1   !NA                           22.8   39.83
501   82 r1013  -1  -1   !NA                          36.15   36.77
501   82 r1014  -1  -1   !NA                          36.15   36.77
345  116 r1015  -1  -1   !NA                          23.15    39.6
389   98 r1016  -1  -1   !NA                          26.82    38.1
383  103 r1017  -1  -1   !NA                          26.32   38.52
387   99 r1018  -1  -1   !NA                          26.65   38.18
389   98 r1019  -1  -1   !NA                          26.82    38.1
323  101 r1020  -1  -1   !NA                          21.32   38.35
393   90 r1021  -1  -1   !NA                          27.15   37.43
341   91 r1022  -1  -1   !NA                          22.82   37.52
314   97 r1023  -1  -1   !NA                          20.57   38.02
416   81 r1024  -1  -1   !NA                          29.07   36.68
434   78 r1025  -1  -1   !NA                          30.57   36.43
477   65 r1026  -1  -1   !NA                          34.15   35.35
462   64 r1027  -1  -1   !NA                          32.94   35.27
469   58 r1028  -1  -1   !NA                          33.47   34.78
328   82 r1029  -1  -1   !NA                          21.73   36.77
321  100 r1030  -1  -1   !Acheloos                    21.15   38.27
365  131 r1031  -1  -1   !NA                          24.78   40.85
339  127 r1032  -1  -1   !NA                          22.65   40.48
387  106 r1033  -1  -1   !NA                          26.65   38.77
371  132 r1034  -1  -1   !NA                          25.31   40.95
341   90 r1035  -1  -1   !NA                          22.82   37.43
352  129 r1036  -1  -1   !NA                          23.69   40.67
350  123 r1037  -1  -1   !NA                          23.57   40.18
310  113 r1038  -1  -1   !NA                          20.23   39.35
345  114 r1039  -1  -1   !NA                          23.15   39.43
396   88 r1040  -1  -1   !NA                           27.4   37.27
354   68 r1041  -1  -1   !NA                           23.9    35.6
371   65 r1042  -1  -1   !NA                          25.33   35.33
366  131 r1043  -1  -1   !NA                           24.9   40.85
342  127 r1044  -1  -1   !NA                           22.9   40.52
388  115 r1045  -1  -1   !NA                          26.73   39.52
346  110 r1046  -1  -1   !NA                          23.23    39.1
357  104 r1047  -1  -1   !NA                          24.14   38.58
452   78 r1048  -1  -1   !NA                          32.07   36.43
356   98 r1049  -1  -1   !NA                          24.07    38.1
449   80 r1050  -1  -1   !NA                          31.81    36.6
455   75 r1051  -1  -1   !NA                          32.32   36.18
352   95 r1052  -1  -1   !NA                          23.73   37.85
324  100 r1053  -1  -1   !NA                           21.4   38.27
397   87 r1054  -1  -1   !NA                          27.48   37.18
342   91 r1055  -1  -1   !NA                           22.9   37.52
475   63 r1056  -1  -1   !NA                          33.98   35.18
405   75 r1057  -1  -1   !NA                          28.15   36.18
340   82 r1058  -1  -1   !NA                          22.75    36.8
344   83 r1059  -1  -1   !NA                          23.04   36.86
467   57 r1060  -1  -1   !NA                          33.32   34.72
344   75 r1061  -1  -1   !NA                          23.06   36.22
359   66 r1062  -1  -1   !NA                          24.32   35.43
364   61 r1063  -1  -1   !NA                          24.73   35.02
385  128 r1064  -1  -1   !NA                          26.48   40.61
359  130 r1065  -1  -1   !NA                          24.32   40.77
345  124 r1066  -1  -1   !NA                          23.12   40.29
345  124 r1067  -1  -1   !NA                          23.15   40.27
349  123 r1068  -1  -1   !NA                          23.48   40.18
380  109 r1069  -1  -1   !NA                          26.07   39.02
386  111 r1070  -1  -1   !NA                          26.57   39.18
382  108 r1071  -1  -1   !NA                          26.23   38.93
495   81 r1072  -1  -1   !NA                          35.65   36.68
485   82 r1073  -1  -1   !NA                          34.81    36.8
483   82 r1074  -1  -1   !NA                          34.65    36.8
479   80 r1075  -1  -1   !NA                          34.35   36.63
378  102 r1076  -1  -1   !NA                          25.93   38.47
380   99 r1077  -1  -1   !NA                          26.04    38.2
471   74 r1078  -1  -1   !NA                          33.65    36.1
467   74 r1079  -1  -1   !NA                          33.32    36.1
353   94 r1080  -1  -1   !NA                          23.82   37.77
341   91 r1081  -1  -1   !NA                          22.82   37.52
434   78 r1082  -1  -1   !NA                          30.57   36.43
322   94 r1083  -1  -1   !NA                          21.23   37.77
470   58 r1084  -1  -1   !NA                          33.57   34.77
461   56 r1085  -1  -1   !NA                          32.82    34.6
356   68 r1086  -1  -1   !NA                           24.1   35.59
381   60 r1087  -1  -1   !NA                          26.15   34.93
352  129 r1088  -1  -1   !NA                          23.73   40.68
376  121 r1089  -1  -1   !NA                          25.73   40.02
252  144 r1090  -1  -1   !NA                           15.4   41.93
300  133 r1091  -1  -1   !NA                           19.4   41.02
169  109 r1092  -1  -1   !NA                           8.48   39.02
267  106 r1093  -1  -1   !NA                          16.65   38.77
371  121 r1094  -1  -1   !NA                          25.32   40.02
347  121 r1095  -1  -1   !NA                          23.32   40.02
501   82 r1096  -1  -1   !NA                          36.15   36.77
320  102 r1097  -1  -1   !NA                          21.07   38.43
 60   99 r1098  -1  -1   !NA                          -0.61   38.18
 46   87 r1099  -1  -1   !NA                          -1.77   37.18
 24   81 r1100  -1  -1   !NA                           -3.6   36.68
 18   81 r1101  -1  -1   !NA                           -4.1   36.68
 84  134 r1102  -1  -1   !NA                           1.37   41.13
 70  123 r1103  -1  -1   !NA                           0.27   40.21
104  142 r1104  -1  -1   !NA                           3.07   41.77
 89  135 r1105  -1  -1   !NA                           1.78   41.22
100  119 r1106  -1  -1   !NA                           2.73   39.85
107  114 r1107  -1  -1   !NA                           3.32   39.43
 69  107 r1108  -1  -1   !NA                           0.15   38.85
 55   91 r1109  -1  -1   !NA                          -1.02   37.52
101  140 r1110  -1  -1   !NA                           2.82    41.6
 88  135 r1111  -1  -1   !NA                           1.74   41.22
215  182 r1112  -1  -1   !Adige                       12.32    45.1
379  130 r1113  -1  -1   !Evros / Maritsa             25.98   40.77
438   83 r1114  -1  -1   !NA                          30.92   36.85
351  106 r1115  -1  -1   !Kifisos                     23.65   38.77
382  121 r1116  -1  -1   !NA                          26.21      40
300  124 r1117  -1  -1   !NA                           19.4   40.27
345  115 r1118  -1  -1   !NA                          23.15   39.52
436   83 r1119  -1  -1   !NA                          30.72   36.87
356   96 r1120  -1  -1   !NA                          24.07   37.93
326   89 r1121  -1  -1   !NA                          21.57   37.35
316  100 r1122  -1  -1   !NA                          20.73   38.27
427   75 r1123  -1  -1   !NA                          29.98   36.18
327   88 r1124  -1  -1   !NA                          21.65   37.27
331   84 r1125  -1  -1   !NA                          21.98   36.93
348  124 r1126  -1  -1   !NA                          23.39   40.27
380  116 r1127  -1  -1   !NA                          26.07    39.6
340  120 r1128  -1  -1   !NA                          22.73   39.93
354  106 r1129  -1  -1   !NA                           23.9   38.77
317  104 r1130  -1  -1   !NA                          20.82    38.6
350  107 r1131  -1  -1   !NA                          23.57   38.85
317  104 r1132  -1  -1   !NA                          20.82    38.6
347  110 r1133  -1  -1   !NA                          23.32    39.1
323  101 r1134  -1  -1   !NA                          21.32   38.35
351   94 r1135  -1  -1   !NA                          23.65   37.77
471   60 r1136  -1  -1   !NA                          33.64   34.94
468   57 r1137  -1  -1   !NA                           33.4   34.68
464   57 r1138  -1  -1   !NA                          33.09    34.7
381   64 r1139  -1  -1   !NA                          26.15   35.27
353   68 r1140  -1  -1   !NA                          23.82    35.6
376   63 r1141  -1  -1   !NA                          25.71   35.18
351   67 r1142  -1  -1   !NA                          23.69    35.5
382   61 r1143  -1  -1   !NA                          26.24   35.06
355   63 r1144  -1  -1   !NA                          23.98   35.18
350   64 r1145  -1  -1   !NA                          23.57   35.27
354   63 r1146  -1  -1   !NA                           23.9   35.18
373  131 r1147  -1  -1   !NA                          25.48   40.89
386  127 r1148  -1  -1   !NA                          26.57   40.52
382  124 r1149  -1  -1   !NA                          26.25    40.3
369  118 r1150  -1  -1   !NA                          25.15   39.77
341  119 r1151  -1  -1   !NA                          22.82   39.85
482   81 r1152  -1  -1   !NA                          34.57   36.68
381  101 r1153  -1  -1   !NA                          26.14   38.36
477   78 r1154  -1  -1   !NA                          34.15   36.46
360   99 r1155  -1  -1   !NA                           24.4   38.16
351   94 r1156  -1  -1   !NA                          23.65   37.77
465   74 r1157  -1  -1   !NA                          33.12   36.12
413   80 r1158  -1  -1   !NA                          28.82    36.6
359   91 r1159  -1  -1   !NA                          24.32   37.52
431   76 r1160  -1  -1   !NA                          30.32   36.27
420   75 r1161  -1  -1   !NA                           29.4   36.18
462   63 r1162  -1  -1   !NA                          32.91    35.2
460   63 r1163  -1  -1   !NA                          32.74   35.18
466   57 r1164  -1  -1   !NA                           33.2   34.71
341   80 r1165  -1  -1   !NA                          22.82    36.6
463   55 r1166  -1  -1   !NA                          32.98   34.52
382   64 r1167  -1  -1   !NA                          26.23   35.27
365   60 r1168  -1  -1   !NA                          24.78   34.92
 85  107 r1169  -1  -1   !NA                           1.48   38.85
 60   99 r1170  -1  -1   !NA                           -0.6   38.19
 58   94 r1171  -1  -1   !NA                          -0.77   37.77
118  162 r1172  -1  -1   !NA                           4.24   43.46
137  157 r1173  -1  -1   !NA                           5.82   43.02
110  160 r1174  -1  -1   !NA                           3.54    43.3
364  131 r1175  -1  -1   !NA                          24.72   40.87
355  120 r1176  -1  -1   !NA                          23.98   39.93
387  115 r1177  -1  -1   !NA                          26.61   39.55
385  113 r1178  -1  -1   !NA                          26.48   39.35
390  107 r1179  -1  -1   !NA                           26.9   38.85
488   81 r1180  -1  -1   !NA                          35.06   36.69
459   73 r1181  -1  -1   !NA                          32.68   36.04
406   81 r1182  -1  -1   !NA                          28.23   36.68
431   76 r1183  -1  -1   !NA                          30.32    36.3
406   81 r1184  -1  -1   !NA                          28.23   36.68
405   78 r1185  -1  -1   !NA                          28.11   36.41
462   64 r1186  -1  -1   !NA                          32.93   35.25
 93  136 r1187  -1  -1   !NA                           2.15   41.27
 60   98 r1188  -1  -1   !Segura                       -0.6    38.1
  2   74 r1189  -1  -1   !NA                          -5.43    36.1
 62  101 r1190  -1  -1   !NA                          -0.43   38.35
499   83 r1191  -1  -1   !NA                          35.98   36.85
489   80 r1192  -1  -1   !NA                          35.15    36.6
385   99 r1193  -1  -1   !NA                          26.48   38.18
351  106 r1194  -1  -1   !NA                          23.65   38.77
453   77 r1195  -1  -1   !NA                          32.15   36.35
322  100 r1196  -1  -1   !NA                          21.23   38.27
355   92 r1197  -1  -1   !NA                          23.98    37.6
396   84 r1198  -1  -1   !NA                           27.4   36.93
475   64 r1199  -1  -1   !NA                          33.98   35.27
 87  135 r1200  -1  -1   !NA                           1.67    41.2
 86  135 r1201  -1  -1   !NA                           1.55   41.18
109  117 r1202  -1  -1   !NA                           3.44   39.66
103  112 r1203  -1  -1   !NA                           2.98   39.27
 68  108 r1204  -1  -1   !NA                           0.07   38.93
 62  101 r1205  -1  -1   !NA                          -0.44   38.36
108  116 r1206  -1  -1   !NA                           3.37   39.57
 56   91 r1207  -1  -1   !NA                          -0.93   37.52
 19   81 r1208  -1  -1   !NA                          -4.02   36.68
 44   84 r1209  -1  -1   !NA                          -1.94   36.94
  5   77 r1210  -1  -1   !NA                          -5.22   36.37
 70  123 r1211  -1  -1   !NA                           0.23   40.18
113  120 r1212  -1  -1   !NA                           3.83   39.93
104  120 r1213  -1  -1   !NA                           3.07   39.93
 53   91 r1214  -1  -1   !NA                          -1.18   37.52
109  160 r1215  -1  -1   !Hérault                      3.44   43.28
125  161 r1216  -1  -1   !NA                           4.82   43.35
127  161 r1217  -1  -1   !NA                           4.98   43.35
382  123 r1218  -1  -1   !NA                          26.23   40.18
341  127 r1219  -1  -1   !NA                          22.82   40.52
344  124 r1220  -1  -1   !NA                          23.07   40.27
497   75 r1221  -1  -1   !NA                          35.85   36.22
448   80 r1222  -1  -1   !NA                          31.75   36.63
324  100 r1223  -1  -1   !NA                           21.4   38.27
401   84 r1224  -1  -1   !NA                          27.82   36.93
 38   82 r1225  -1  -1   !NA                          -2.43   36.77
106  145 r1226  -1  -1   !Ter                          3.23   42.02
 65  117 r1227  -1  -1   !NA                           -0.2   39.67
 23   81 r1228  -1  -1   !NA                          -3.68   36.68
 40   82 r1229  -1  -1   !NA                          -2.26   36.79
104  152 r1230  -1  -1   !NA                           3.04   42.58
 78  132 r1231  -1  -1   !NA                            0.9   40.93
 73  126 r1232  -1  -1   !NA                           0.48   40.43
 73  126 r1233  -1  -1   !NA                           0.47   40.47
 46   87 r1234  -1  -1   !NA                          -1.77   37.18
 19   81 r1235  -1  -1   !NA                          -4.02   36.68
 15   81 r1236  -1  -1   !NA                          -4.32   36.71
  8   78 r1237  -1  -1   !NA                          -4.93   36.43
 45   85 r1238  -1  -1   !NA                          -1.88   37.02
101  140 r1239  -1  -1   !NA                           2.82    41.6
106  118 r1240  -1  -1   !NA                           3.23   39.77
 79  133 r1241  -1  -1   !NA                           1.02   41.05
 66  118 r1242  -1  -1   !NA                           -0.1   39.77
104  120 r1243  -1  -1   !NA                           3.06   39.92
 65  110 r1244  -1  -1   !NA                          -0.18    39.1
 66  109 r1245  -1  -1   !NA                           -0.1   39.02
 85  134 r1246  -1  -1   !NA                           1.48    41.1
 79  133 r1247  -1  -1   !NA                           1.01   41.04
 77  131 r1248  -1  -1   !NA                           0.82   40.85
107  114 r1249  -1  -1   !NA                           3.28   39.45
 66  103 r1250  -1  -1   !NA                          -0.12   38.54
 48   89 r1251  -1  -1   !NA                           -1.6   37.35
106  113 r1252  -1  -1   !NA                           3.21   39.36
105  112 r1253  -1  -1   !NA                           3.15   39.27
 58   93 r1254  -1  -1   !NA                          -0.77   37.68
148  161 r1255  -1  -1   !NA                           6.73   43.35
132  159 r1256  -1  -1   !NA                            5.4   43.18
127  161 r1257  -1  -1   !NA                           4.98   43.35
117  162 r1258  -1  -1   !NA                           4.15   43.43
104  157 r1259  -1  -1   !NA                           3.07   43.02
 77  131 r1260  -1  -1   !NA                           0.79   40.87
116  119 r1261  -1  -1   !NA                           4.07   39.85
 68  104 r1262  -1  -1   !NA                           0.07   38.64
 59   96 r1263  -1  -1   !NA                          -0.68   37.93
 39   82 r1264  -1  -1   !NA                          -2.35   36.77
 29   81 r1265  -1  -1   !NA                          -3.18   36.68
104  154 r1266  -1  -1   !NA                           3.04   42.78
108  160 r1267  -1  -1   !NA                           3.37   43.28
429   17 r1268  -1  -1   !Nile                        30.15   31.35
 40   63 r1269  -1  -1   !Moulouya                     -2.3   35.22
127   83 r1270  -1  -1   !Bouselam                        5   36.82
 69   74 r1271  -1  -1   !Chelif                       0.15    36.1
 64   71 r1272  -1  -1   !Tafna                       -0.29   35.84
194   73 r1273  -1  -1   !NA                          10.53   35.99
195   71 r1274  -1  -1   !NA                          10.65   35.85
498   73 r1275  -1  -1   !NA                           35.9   36.02
 48   64 r1276  -1  -1   !NA                          -1.58   35.25
114   84 r1277  -1  -1   !NA                            3.9   36.93
141   84 r1278  -1  -1   !NA                           6.15   36.93
161   84 r1279  -1  -1   !NA                           7.82   36.93
190   86 r1280  -1  -1   !NA                          10.23    37.1
201   65 r1281  -1  -1   !NA                          11.11   35.34
206   39 r1282  -1  -1   !NA                           11.6   33.18
203   42 r1283  -1  -1   !NA                          11.32   33.43
308   16 r1284  -1  -1   !NA                          20.07   31.27
345   29 r1285  -1  -1   !NA                          23.15   32.35
362   25 r1286  -1  -1   !NA                          24.57   32.02
402   15 r1287  -1  -1   !NA                           27.9   31.18
480   19 r1288  -1  -1   !NA                           34.4   31.52
490   41 r1289  -1  -1   !NA                          35.23   33.35
492   45 r1290  -1  -1   !NA                           35.4   33.68
498   56 r1291  -1  -1   !NA                           35.9    34.6
498   66 r1292  -1  -1   !NA                           35.9   35.43
382  121 r1293  21   0   !DardaIN                      26.2   40.03
382  121 r1294  65  22   !DardaOUT                     26.2   40.03
